age_group,fatal-f,fatal-m,fatal-gd,fatal-u,fatal-total,fatal%
80s,1641,1637,0,20,3298,0.34
90+,1632,869,0,20,2521,0.26
70s,794,1236,0,6,2036,0.21
60s,388,757,0,8,1153,0.12
50s,177,331,0,2,510,0.05
40s,54,109,0,2,165,0.02
30s,20,44,0,5,69,0.01
20s,7,21,0,1,29,0.0
<20,4,2,0,0,6,0.0
UNKNOWN,0,0,0,1,1,0.0
