age_group,fatal-f,fatal-m,fatal-gd,fatal-u,fatal-total,fatal%
80s,1627,1622,0,21,3270,0.34
90+,1627,863,0,19,2509,0.26
70s,787,1220,0,6,2013,0.21
60s,382,747,0,8,1137,0.12
50s,171,322,0,2,495,0.05
40s,53,107,0,2,162,0.02
30s,20,42,0,5,67,0.01
20s,7,20,0,1,28,0.0
<20,4,2,0,0,6,0.0
UNKNOWN,0,0,0,1,1,0.0
