age_group,fatal-f,fatal-m,fatal-gd,fatal-u,fatal-total,fatal%
80s,1669,1683,0,18,3370,0.33
90+,1647,890,0,16,2553,0.25
70s,827,1279,0,5,2111,0.21
60s,403,801,0,6,1210,0.12
50s,187,348,0,1,536,0.05
40s,57,115,0,2,174,0.02
30s,23,48,0,5,76,0.01
20s,8,23,0,1,32,0.0
<20,4,3,0,0,7,0.0
UNKNOWN,0,0,0,1,1,0.0
