age_group,fatal-f,fatal-m,fatal-gd,fatal-u,fatal-total,fatal%
80s,1653,1658,0,18,3329,0.34
90+,1641,882,0,16,2539,0.26
70s,817,1249,0,5,2071,0.21
60s,399,773,0,6,1178,0.12
50s,182,338,0,1,521,0.05
40s,57,112,0,2,171,0.02
30s,24,45,0,5,74,0.01
20s,8,22,0,1,31,0.0
<20,4,2,0,0,6,0.0
UNKNOWN,0,0,0,1,1,0.0
