age_group,fatal-f,fatal-m,fatal-gd,fatal-u,fatal-total,fatal%
80s,1596,1585,0,20,3201,0.34
90+,1613,852,0,18,2483,0.26
70s,757,1185,0,6,1948,0.21
60s,368,729,0,8,1105,0.12
50s,162,306,0,2,470,0.05
40s,49,98,0,2,149,0.02
30s,16,42,0,4,62,0.01
20s,8,20,0,1,29,0.0
<20,3,2,0,0,5,0.0
UNKNOWN,0,0,0,1,1,0.0
