age_group,fatal-f,fatal-m,fatal-gd,fatal-u,fatal-total,fatal%
80s,1593,1563,0,19,3175,0.34
90+,1607,848,0,18,2473,0.26
70s,742,1167,0,6,1915,0.21
60s,361,714,0,7,1082,0.12
50s,158,300,0,3,461,0.05
40s,46,95,0,2,143,0.02
30s,15,40,0,4,59,0.01
20s,7,18,0,1,26,0.0
<20,2,2,0,0,4,0.0
UNKNOWN,0,0,0,1,1,0.0
