age_group,fatal-f,fatal-m,fatal-gd,fatal-u,fatal-total,fatal%
80s,1595,1573,0,20,3188,0.34
90+,1611,848,0,18,2477,0.26
70s,748,1181,0,6,1935,0.21
60s,367,726,0,8,1101,0.12
50s,160,305,0,3,468,0.05
40s,49,97,0,2,148,0.02
30s,16,42,0,4,62,0.01
20s,7,19,0,1,27,0.0
<20,3,2,0,0,5,0.0
UNKNOWN,0,0,0,1,1,0.0
