age_group,fatal-f,fatal-m,fatal-gd,fatal-u,fatal-total,fatal%
80s,1652,1658,0,18,3328,0.34
90+,1640,881,0,16,2537,0.26
70s,816,1247,0,5,2068,0.21
60s,399,771,0,6,1176,0.12
50s,182,338,0,1,521,0.05
40s,57,112,0,2,171,0.02
30s,23,45,0,5,73,0.01
20s,8,22,0,1,31,0.0
<20,4,2,0,0,6,0.0
UNKNOWN,0,0,0,1,1,0.0
