age_group,fatal-f,fatal-m,fatal-gd,fatal-u,fatal-total,fatal%
80s,1657,1666,0,18,3341,0.34
90+,1643,884,0,16,2543,0.26
70s,817,1261,0,5,2083,0.21
60s,399,782,0,6,1187,0.12
50s,182,340,0,1,523,0.05
40s,58,112,0,2,172,0.02
30s,24,46,0,5,75,0.01
20s,8,23,0,1,32,0.0
<20,4,3,0,0,7,0.0
UNKNOWN,0,0,0,1,1,0.0
