age_group,fatal-f,fatal-m,fatal-gd,fatal-u,fatal-total,fatal%
80s,1622,1618,0,20,3260,0.34
90+,1623,863,0,19,2505,0.26
70s,781,1215,0,6,2002,0.21
60s,380,744,0,8,1132,0.12
50s,168,319,0,2,489,0.05
40s,52,104,0,2,158,0.02
30s,19,42,0,5,66,0.01
20s,7,20,0,1,28,0.0
<20,4,2,0,0,6,0.0
UNKNOWN,0,0,0,1,1,0.0
