age_group,fatal-f,fatal-m,fatal-gd,fatal-u,fatal-total,fatal%
80s,1619,1616,0,20,3255,0.34
90+,1620,859,0,18,2497,0.26
70s,779,1208,0,6,1993,0.21
60s,377,738,0,8,1123,0.12
50s,167,316,0,2,485,0.05
40s,51,100,0,2,153,0.02
30s,18,42,0,5,65,0.01
20s,7,20,0,1,28,0.0
<20,3,2,0,0,5,0.0
UNKNOWN,0,0,0,1,1,0.0
