age_group,fatal-f,fatal-m,fatal-gd,fatal-u,fatal-total,fatal%
80s,1620,1617,0,20,3257,0.34
90+,1621,861,0,19,2501,0.26
70s,780,1211,0,6,1997,0.21
60s,379,739,0,8,1126,0.12
50s,167,317,0,2,486,0.05
40s,52,103,0,2,157,0.02
30s,19,42,0,5,66,0.01
20s,7,20,0,1,28,0.0
<20,3,2,0,0,5,0.0
UNKNOWN,0,0,0,1,1,0.0
