age_group,fatal-f,fatal-m,fatal-gd,fatal-u,fatal-total,fatal%
80s,1596,1575,0,20,3191,0.34
90+,1611,851,0,18,2480,0.26
70s,753,1183,0,6,1942,0.21
60s,369,728,0,8,1105,0.12
50s,160,306,0,2,468,0.05
40s,49,98,0,2,149,0.02
30s,16,42,0,4,62,0.01
20s,7,20,0,1,28,0.0
<20,3,2,0,0,5,0.0
UNKNOWN,0,0,0,1,1,0.0
