age_group,fatal-f,fatal-m,fatal-gd,fatal-u,fatal-total,fatal%
80s,1631,1623,0,20,3274,0.34
90+,1628,864,0,19,2511,0.26
70s,789,1224,0,6,2019,0.21
60s,384,747,0,8,1139,0.12
50s,171,323,0,2,496,0.05
40s,53,108,0,2,163,0.02
30s,20,42,0,5,67,0.01
20s,7,20,0,1,28,0.0
<20,4,2,0,0,6,0.0
UNKNOWN,0,0,0,1,1,0.0
