age_group,fatal-f,fatal-m,fatal-gd,fatal-u,fatal-total,fatal%
80s,1654,1661,0,18,3333,0.34
90+,1641,883,0,16,2540,0.26
70s,818,1252,0,5,2075,0.21
60s,399,777,0,6,1182,0.12
50s,182,339,0,1,522,0.05
40s,57,112,0,2,171,0.02
30s,24,47,0,5,76,0.01
20s,8,22,0,1,31,0.0
<20,4,2,0,0,6,0.0
UNKNOWN,0,0,0,1,1,0.0
