age_group,fatal-f,fatal-m,fatal-gd,fatal-u,fatal-total,fatal%
80s,1666,1679,0,18,3363,0.33
90+,1646,889,0,16,2551,0.25
70s,824,1274,0,5,2103,0.21
60s,402,798,0,6,1206,0.12
50s,186,345,0,1,532,0.05
40s,57,115,0,2,174,0.02
30s,23,47,0,5,75,0.01
20s,8,23,0,1,32,0.0
<20,4,3,0,0,7,0.0
UNKNOWN,0,0,0,1,1,0.0
