age_group,fatal-f,fatal-m,fatal-gd,fatal-u,fatal-total,fatal%
80s,1604,1599,0,20,3223,0.34
90+,1617,857,0,18,2492,0.26
70s,765,1197,0,6,1968,0.21
60s,370,732,0,8,1110,0.12
50s,165,310,0,2,477,0.05
40s,50,98,0,2,150,0.02
30s,16,42,0,4,62,0.01
20s,7,20,0,1,28,0.0
<20,3,2,0,0,5,0.0
UNKNOWN,0,0,0,1,1,0.0
