age_group,fatal-f,fatal-m,fatal-gd,fatal-u,fatal-total,fatal%
80s,1600,1587,0,20,3207,0.34
90+,1614,854,0,18,2486,0.26
70s,762,1185,0,6,1953,0.21
60s,369,730,0,8,1107,0.12
50s,163,308,0,2,473,0.05
40s,49,98,0,2,149,0.02
30s,16,42,0,4,62,0.01
20s,7,20,0,1,28,0.0
<20,3,2,0,0,5,0.0
UNKNOWN,0,0,0,1,1,0.0
