age_group,fatal-f,fatal-m,fatal-gd,fatal-u,fatal-total,fatal%
80s,1659,1669,0,18,3346,0.34
90+,1644,886,0,16,2546,0.26
70s,817,1263,0,5,2085,0.21
60s,399,785,0,6,1190,0.12
50s,181,340,0,1,522,0.05
40s,57,112,0,2,171,0.02
30s,23,46,0,5,74,0.01
20s,8,23,0,1,32,0.0
<20,4,3,0,0,7,0.0
UNKNOWN,0,0,0,1,1,0.0
