age_group,fatal-f,fatal-m,fatal-gd,fatal-u,fatal-total,fatal%
80s,1642,1640,0,20,3302,0.34
90+,1633,869,0,20,2522,0.26
70s,796,1236,0,6,2038,0.21
60s,389,761,0,8,1158,0.12
50s,177,333,0,2,512,0.05
40s,54,110,0,3,167,0.02
30s,20,44,0,5,69,0.01
20s,7,21,0,1,29,0.0
<20,4,2,0,0,6,0.0
UNKNOWN,0,0,0,1,1,0.0
