age_group,fatal-f,fatal-m,fatal-gd,fatal-u,fatal-total,fatal%
80s,1641,1635,0,20,3296,0.34
90+,1632,866,0,20,2518,0.26
70s,792,1233,0,6,2031,0.21
60s,387,755,0,8,1150,0.12
50s,175,329,0,2,506,0.05
40s,54,109,0,2,165,0.02
30s,20,44,0,5,69,0.01
20s,7,21,0,1,29,0.0
<20,4,2,0,0,6,0.0
UNKNOWN,0,0,0,1,1,0.0
