age_group,fatal-f,fatal-m,fatal-gd,fatal-u,fatal-total,fatal%
80s,1593,1565,0,19,3177,0.34
90+,1607,848,0,18,2473,0.26
70s,742,1168,0,6,1916,0.2
60s,361,716,0,7,1084,0.12
50s,158,301,0,3,462,0.05
40s,46,96,0,2,144,0.02
30s,16,40,0,4,60,0.01
20s,7,18,0,1,26,0.0
<20,2,2,0,0,4,0.0
UNKNOWN,0,0,0,1,1,0.0
