age_group,fatal-f,fatal-m,fatal-gd,fatal-u,fatal-total,fatal%
80s,1608,1604,0,20,3232,0.34
90+,1618,857,0,18,2493,0.26
70s,771,1201,0,6,1978,0.21
60s,373,733,0,8,1114,0.12
50s,166,312,0,2,480,0.05
40s,51,98,0,2,151,0.02
30s,17,42,0,4,63,0.01
20s,7,20,0,1,28,0.0
<20,3,2,0,0,5,0.0
UNKNOWN,0,0,0,1,1,0.0
