age_group,fatal-f,fatal-m,fatal-gd,fatal-u,fatal-total,fatal%
80s,1613,1612,0,20,3245,0.34
90+,1619,859,0,18,2496,0.26
70s,775,1205,0,6,1986,0.21
60s,376,737,0,8,1121,0.12
50s,167,314,0,2,483,0.05
40s,51,98,0,2,151,0.02
30s,17,42,0,4,63,0.01
20s,7,20,0,1,28,0.0
<20,3,2,0,0,5,0.0
UNKNOWN,0,0,0,1,1,0.0
