age_group,fatal-f,fatal-m,fatal-gd,fatal-u,fatal-total,fatal%
80s,1626,1622,0,20,3268,0.34
90+,1626,863,0,19,2508,0.26
70s,784,1218,0,6,2008,0.21
60s,382,746,0,8,1136,0.12
50s,171,320,0,2,493,0.05
40s,53,107,0,2,162,0.02
30s,20,42,0,5,67,0.01
20s,7,20,0,1,28,0.0
<20,4,2,0,0,6,0.0
UNKNOWN,0,0,0,1,1,0.0
