age_group,fatal-f,fatal-m,fatal-gd,fatal-u,fatal-total,fatal%
80s,1592,1556,0,19,3167,0.34
90+,1606,847,0,18,2471,0.27
70s,740,1160,0,6,1906,0.2
60s,359,711,0,7,1077,0.12
50s,158,299,0,3,460,0.05
40s,46,95,0,2,143,0.02
30s,15,39,0,4,58,0.01
20s,7,18,0,1,26,0.0
<20,2,2,0,0,4,0.0
UNKNOWN,0,0,0,1,1,0.0
