age_group,fatal-f,fatal-m,fatal-gd,fatal-u,fatal-total,fatal%
80s,1665,1674,0,18,3357,0.34
90+,1645,887,0,16,2548,0.25
70s,820,1268,0,5,2093,0.21
60s,402,795,0,6,1203,0.12
50s,183,343,0,1,527,0.05
40s,57,114,0,2,173,0.02
30s,23,47,0,5,75,0.01
20s,8,23,0,1,32,0.0
<20,4,3,0,0,7,0.0
UNKNOWN,0,0,0,1,1,0.0
