age_group,fatal-f,fatal-m,fatal-gd,fatal-u,fatal-total,fatal%
80s,1594,1571,0,19,3184,0.34
90+,1609,849,0,18,2476,0.26
70s,745,1181,0,6,1932,0.21
60s,365,723,0,8,1096,0.12
50s,159,303,0,3,465,0.05
40s,47,97,0,2,146,0.02
30s,16,41,0,4,61,0.01
20s,7,18,0,1,26,0.0
<20,3,2,0,0,5,0.0
UNKNOWN,0,0,0,1,1,0.0
