age_group,fatal-f,fatal-m,fatal-gd,fatal-u,fatal-total,fatal%
80s,1594,1566,0,19,3179,0.34
90+,1609,849,0,18,2476,0.26
70s,742,1170,0,7,1919,0.21
60s,363,717,0,8,1088,0.12
50s,158,301,0,3,462,0.05
40s,46,96,0,2,144,0.02
30s,16,41,0,4,61,0.01
20s,7,18,0,1,26,0.0
<20,2,2,0,0,4,0.0
UNKNOWN,0,0,0,1,1,0.0
