age_group,fatal-f,fatal-m,fatal-gd,fatal-u,fatal-total,fatal%
80s,1624,1619,0,20,3263,0.34
90+,1625,863,0,19,2507,0.26
70s,782,1217,0,6,2005,0.21
60s,381,745,0,8,1134,0.12
50s,170,320,0,2,492,0.05
40s,53,106,0,2,161,0.02
30s,19,42,0,5,66,0.01
20s,7,20,0,1,28,0.0
<20,4,2,0,0,6,0.0
UNKNOWN,0,0,0,1,1,0.0
