age_group,fatal-f,fatal-m,fatal-gd,fatal-u,fatal-total,fatal%
80s,1662,1672,0,18,3352,0.34
90+,1645,886,0,16,2547,0.25
70s,820,1267,0,5,2092,0.21
60s,400,791,0,6,1197,0.12
50s,182,341,0,1,524,0.05
40s,57,112,0,2,171,0.02
30s,23,46,0,5,74,0.01
20s,8,23,0,1,32,0.0
<20,4,3,0,0,7,0.0
UNKNOWN,0,0,0,1,1,0.0
