age_group,fatal-f,fatal-m,fatal-gd,fatal-u,fatal-total,fatal%
80s,1666,1681,0,18,3365,0.33
90+,1646,889,0,16,2551,0.25
70s,825,1276,0,5,2106,0.21
60s,403,800,0,6,1209,0.12
50s,187,346,0,1,534,0.05
40s,57,115,0,2,174,0.02
30s,23,47,0,5,75,0.01
20s,8,23,0,1,32,0.0
<20,4,3,0,0,7,0.0
UNKNOWN,0,0,0,1,1,0.0
